00 00 00 00 00 00 00 00 00 00 00 00 0F D5 F2 00
00 13 D2 89 00 00 00 00 00 00 00 00 93 FD 96 00
00 51 FD 3B 00 00 00 00 00 00 00 00 A6 FD 1A 00
00 CD FD 37 00 00 00 00 00 00 00 00 A6 FD 16 00
23 F7 EA 24 00 00 00 00 00 00 00 08 C4 B8 05 00
64 FD C6 00 00 00 00 00 00 00 00 17 FD A5 00 00
64 FD E8 45 04 00 00 00 00 00 00 5A FD A5 00 00
1A D4 FD FD 8C 41 00 00 00 00 00 85 FD A5 00 00
00 1B A7 FD FD F8 DD DD DE C0 6F EA FD 75 00 00
00 00 00 58 74 DD DD DD DE F4 FE FF FE 37 00 00
00 00 00 00 00 00 00 00 00 36 92 FD EF 29 00 00
00 00 00 00 00 00 00 00 00 00 64 FD 9A 00 00 00
00 00 00 00 00 00 00 00 00 00 64 FD 58 00 00 00
00 00 00 00 00 00 00 00 00 00 AC FD 58 00 00 00
00 00 00 00 00 00 00 00 00 00 D2 FD 58 00 00 00
00 00 00 00 00 00 00 00 00 00 D2 FD 58 00 00 00
